POSITIVE_VARIABLES  x0,x1;

VARIABLES  x2,x3,x4;

LOWER_BOUNDS{
x0: 0;
x1: 0;
x2: -0.999;
x3: -0.999;
x4: -0.999;
}

UPPER_BOUNDS{
x0: 1;
x1: 1;
x2: 0.999;
x3: 0.999;
x4: 0.999;
}

EQUATIONS  e0,e1,e2,e3,e4,e5;


e0: +0*x0*x2 -9*x0*x3 +0*x0*x4 -0*x2 +4.855467033383182*x3 -3.03731957693982*x4 == 0.0;


e1: +0*x1*x2 +0*x1*x3 -9*x1*x4 -0*x2 -4.144532966616818*x3 +5.96268042306018*x4 == 0.0;


e2: +0*x2 +17.49366361780338*x3 -10.94309705192903*x4 >= 0.0;


e3: +0*x2 -14.93225369926419*x3 +21.48282026513854*x4 >= 0.0;


e4: +3.602879701896397*x2 -14.93225369926419*x3 -10.94309705192903*x4 >= 0.0;


e5: +1*x2*x2 +1*x3*x3 +1*x4*x4 == 1.0;


OBJ: minimize    +13.66793809622919*x0 +18.65039834977568*x1;
